{
    "CameraMatrix": {
        "type_id": "opencv-matrix",
        "rows": 3,
        "cols": 3,
        "dt": "d",
        "data": [ 1.0829081597681557e+03, 0.0, 4.1021408827692039e+02,
            0.0, 1.0829081597681557e+03, 1.6807803092999762e+02, 0.0,
            0.0, 1.0 ]
    },
    "DistortionCoeffs": {
        "type_id": "opencv-matrix",
        "rows": 1,
        "cols": 5,
        "dt": "d",
        "data": [ 1.1924726615559496e-01, 1.0980885863271004e-02,
            -1.3495979188546581e-02, 2.4803983089119234e-02,
            -9.8282303677235927e-01 ]
    }
}
