{
    "CameraMatrix": {
        "type_id": "opencv-matrix",
        "rows": 3,
        "cols": 3,
        "dt": "d",
        "data": [ 1.1402385944566126e+03, 0.0, 4.4097252650992124e+02,
            0.0, 1.1402385944566126e+03, 1.7759342795581105e+02, 0.0,
            0.0, 1.0 ]
    },
    "DistortionCoeffs": {
        "type_id": "opencv-matrix",
        "rows": 1,
        "cols": 5,
        "dt": "d",
        "data": [ 2.6926821836586962e-01, -1.1785557936505322e+00,
            -2.0887304954779660e-02, 3.3650590933875790e-02,
            6.6379872158545270e+00 ]
    }
}
