{
    "CameraMatrix": {
        "type_id": "opencv-matrix",
        "rows": 3,
        "cols": 3,
        "dt": "d",
        "data": [ 1.0142795866691766e+03, 0.0, 3.4122808217182069e+02,
            0.0, 1.0142795866691766e+03, 2.2457157915313397e+02, 0.0,
            0.0, 1.0 ]
    },
    "DistortionCoeffs": {
        "type_id": "opencv-matrix",
        "rows": 1,
        "cols": 5,
        "dt": "d",
        "data": [ 8.7892710100737365e-03, 3.2671318527369841e+00,
            -3.5155151547205258e-03, -4.3513338967934015e-03,
            -4.5918582788047878e+01 ]
    }
}
