{
    "CameraMatrix": {
        "type_id": "opencv-matrix",
        "rows": 3,
        "cols": 3,
        "dt": "d",
        "data": [ 1.4760113305030466e+03, 0.0, 1.0740356876214009e+03,
            0.0, 1.4760113305030466e+03, 5.0195412178934106e+02, 0.0,
            0.0, 1.0 ]
    },
    "DistortionCoeffs": {
        "type_id": "opencv-matrix",
        "rows": 5,
        "cols": 1,
        "dt": "d",
        "data": [ 5.7317151779532005e-02, -4.1672215467466356e-01,
            -1.1734717080663490e-02, 1.6844176184115312e-02,
            1.0388961054811763e+00 ]
    }
}
